100

608 47 42 3 16

947 89 43 36 55

995 47 3 94 46

573 86 3 9 8

21 6 17 2 15

109 47 93 51 86

722 72 61 20 28

25 1 0 17 3

903 51 49 76 53

632 0 32 31 54

889 12 17 51 88

269 20 78 36 48

213 99 6 74 22

414 66 54 76 37

76 18 11 1 11

864 73 28 20 15

762 94 41 90 53

593 86 98 92 81

166 92 26 42 10

106 93 3 97 86

947 29 51 74 18

407 64 91 32 81

19 50 83 6 36

68 93 37 63 87

502 89 81 1 56

24 13 1 14 17

60 79 15 53 71

169 79 61 86 71

190 33 70 74 64

144 53 23 30 0

33 4 3 7 14

37 0 15 19 9

733 3 39 12 87

298 4 8 43 99

269 58 6 95 97

306 50 78 63 79

560 66 77 26 31

376 2 21 36 25

277 41 41 12 57

56 0 10 17 19

132 38 21 18 59

348 30 57 34 57

80 17 9 14 5

203 38 37 82 54

109 25 14 51 47

717 19 54 39 22

42 6 12 0 0

442 22 25 6 51

31 9 15 9 3

629 94 68 94 79

175 35 66 19 99

392 77 32 78 71

770 8 87 95 78

77 6 13 1 10

800 77 53 64 22

56 99 44 24 53

565 43 37 76 47

43 8 19 11 11

886 54 60 88 19

410 97 64 63 1

228 7 29 73 98

412 72 44 95 98

97 48 35 27 90

316 32 78 8 43

76 1 9 16 3

785 41 23 21 88

66 13 16 0 15

340 58 83 20 31

610 25 71 18 9

37 19 7 15 15

30 57 13 17 82

492 28 1 28 1

914 21 41 28 41

752 18 98 23 36

16 0 7 0 1

844 21 63 92 86

31 18 14 1 12

51 44 29 46 0

384 47 46 44 39

0 17 3 7 0

885 68 0 20 59

355 14 42 39 6

922 57 2 72 50

92 4 16 6 10

80 19 2 15 9

631 79 97 92 69

791 97 50 6 49

669 39 40 50 1

183 30 43 15 14

872 16 2 61 52

441 88 95 95 33

437 50 64 75 28

516 99 80 82 90

290 26 43 3 42

612 78 77 58 11

29 73 75 40 45

817 18 58 82 93

191 5 51 42 24

900 4 40 62 76

59 40 48 98 32
