500

48809541 34479479 20149419 34479479 48809541

43943764 1343 7182 5992 5563

50943810 36857354 22770900 36857354 50943810

97611670 8147 3512 4124 7990

14462143 409 2839 1929 7657

50071894 33294324 16516757 33294324 50071893

44360131 34123684 23887239 34123684 44360131

81196037 103858 739939 759182 617609

26764653 49366 874032 219997 613604

5976768 3426 3118 2826 79

96001385 8028 6874 1252 3956

58619191 5399 7867 6448 2425

30918914 9 0 0 5

95132735 7819 508 6806 2336

61530805 43002858 24474914 43002858 61530804

31856530 0 4 9 6

86288793 437310 418145 859204 560965

50758008 23 95 24 25

64725642 47742715 30759790 47742715 64725642

4183475 167660 297904 583765 499078

57788254 995859 757852 589965 763893

48569384 7102 9512 431 2209

1873013 4 1 6 3

78375696 4 0 5 9

90118591 873 3095 4513 9898

83707448 454705 827945 657005 480077

78091064 3 9 2 2

54875949 41454388 28032830 41454388 54875948

75484619 453 3810 1332 7856

3449353 3530 9411 1557 5078

52970227 41505753 30041281 41505753 52970227

79851273 786795 851774 619640 257236

79547345 789652 591919 627498 676410

29260299 475800 322397 337380 320758

80809240 1327 1755 3829 7974

27987582 773566 888074 844714 72108

47860775 36140648 24420523 36140648 47860775

35837155 7676 6015 3177 4205

60061250 40236273 20411299 40236273 60061249

6928258 5185 7141 4133 1635

38601933 12 32 1 12

93865521 5099 4421 3383 7733

12969700 0 6 2 9

41299717 8181 7124 88 9826

21796320 885998 962668 559054 938009

84770868 425345 699258 344616 57604

29814310 302869 243669 298299 9392

99680143 54 86 64 35

42447798 32040271 21632746 32040271 42447798

74540191 2 7 4 0

31874528 719314 461146 147165 408211

87780849 6564 3984 9764 4332

74842851 232578 585556 264047 662744

70632706 20 85 82 43

86183813 5 6 0 1

53739787 342159 679418 54330 797415

31404961 618213 877789 441889 997206

55615426 7 6 6 2

49628149 8252 4722 8568 401

65998397 1774 3795 4458 7467

93517612 1912 8315 6956 9604

6786677 8 4 0 2

27853593 3639 2311 2308 7523

43626202 31821501 20016802 31821501 43626202

76379306 51 34 55 56

93475490 852944 89493 801110 379150

37136337 224701 371486 826757 230889

94510938 9408 7633 5984 8421

3209604 159618 310540 546673 432369

58916034 40952038 22988045 40952038 58916033

15534028 42 88 94 78

84411156 6787 4241 9833 1821

66691634 8401 7587 8866 6008

7604410 66 50 40 32

28311095 396959 622340 796153 355077

33864131 613833 134465 913954 798363

80910894 35 12 87 10

38901484 488047 465865 554337 508990

59816015 5 5 9 7

3787011 238765 174958 246410 259224

12077007 7898 4023 3075 1674

62802797 44573522 26344249 44573522 62802797

22248938 9574 6614 6608 2715

67403580 1 98 98 8

51362 1 7 4 1

95937863 63 64 55 69

73108589 43 4 34 42

28855471 6 0 0 1

60675120 44342845 28010573 44342845 60675119

95548444 2740 8545 8634 9440

32214769 132495 402163 949083 273407

43569658 30604048 17638441 30604048 43569657

25855286 7299 8514 8640 1928

57461923 3085 4978 8418 9276

97281724 238440 256092 302896 613661

95921555 35528 209808 513514 747574

97195363 4515 420277 201107 447263

50788933 7 0 2 7

43614274 31062407 18510543 31062407 43614273

62780945 42291 196229 537490 752038

22000962 328928 237357 572059 432924

13544841 470099 493822 87868 210747

58716350 2 4 2 4

85086118 5 0 0 1

58156714 9091 3564 218 7712

42919046 32627763 22336483 32627763 42919045

46844778 492687 415556 772369 362276

33414846 224536 997170 824879 965191

45355219 8221 34 7325 3223

54759414 43235497 31711582 43235497 54759414

71756453 1 4 6 3

78251375 59 72 34 38

87661370 674 9011 8113 228

31062012 76 23 49 13

48352261 35531003 22709748 35531003 48352260

21047330 9 3 0 4

42997118 5 7 0 3

90975674 175328 104062 786226 180982

89217954 3206 6919 550 1254

23975350 410346 372788 136308 577003

83449607 6832 3839 7179 781

21172833 2 9 8 2

29635780 9 5 8 4

25309256 8619 2301 2147 8513

24848656 37 14 67 10

5643670 1972 6955 2318 8950

40970797 30891811 20812827 30891811 40970797

93879295 1881 8365 5940 8225

56863321 9 1 3 4

38676872 6 1 8 5

66241711 4 2 8 2

93531934 4 25 0 2

36345695 724594 638154 132847 912888

58997777 42115548 25233322 42115548 58997776

22217960 7 3 6 0

14500166 3 4 2 2

15661392 26 36 62 69

96692622 3135 2877 3398 1736

93417 9879 4197 2251 5632

17214246 28 95 89 55

86592281 6 21 62 25

69130540 49657628 30184719 49657628 69130539

73428833 29 15 98 83

77164485 0 9 3 3

49805921 30597852 11389786 30597852 49805920

22427455 0 8 8 4

6629105 134529 909243 445870 169165

83752879 71 40 94 34

40999170 30216891 19434614 30216891 40999170

6710263 7 8 4 9

54946250 38846934 22747621 38846934 54946249

59085792 43547142 28008495 43547142 59085791

55983844 993685 730236 792659 843876

81368609 6 3 9 8

35052487 65 56 19 87

54735489 5728 3754 6031 7131

38096185 2879 7362 8322 2012

58835934 920947 988269 899999 199770

94700448 17 20 72 19

56183611 5 0 3 9

54703944 6273 6588 8597 4817

88025848 4 4 4 9

53845120 40988745 28132373 40988745 53845119

53000161 41901588 30803017 41901588 53000161

63083259 415880 895278 700541 347826

50206941 34458056 18709174 34458056 50206940

40480234 95 47 50 99

63064895 63 78 36 36

55205807 44856846 34507887 44856846 55205807

7036333 52 27 78 97

38461027 651611 401107 556672 879901

52578950 49 27 25 91

65971720 7 9 8 5

91564812 9448 4387 6789 9918

39230032 829292 538391 151309 163622

70423204 8981 4660 7079 3179

80824435 268494 202213 872682 752031

92253505 385843 360700 468970 64136

89029211 86 93 25 96

6316688 162560 169530 321451 102098

51125672 33814486 16503303 33814486 51125671

96804831 583620 21690 746571 485175

57420747 44033578 30646411 44033578 57420747

59040416 42122188 25203963 42122188 59040415

65706649 49573857 33441068 49573857 65706648

83626690 33 92 69 63

78649122 678222 259969 724774 306509

52718333 4 9 3 7

58170845 46567032 34963222 46567032 58170844

52485156 42445107 32405060 42445107 52485156

94276131 87 64 17 25

85679809 84 45 79 42

34281678 459103 645780 750947 261677

92618526 57 49 82 57

34042049 1203 1400 9158 6840

9446975 75 34 15 23

99542277 13 7 82 13

43509961 30204797 16899636 30204797 43509960

58886047 3821 5097 7643 3940

68063092 1716 3763 2072 2113

84262032 659782 654001 458798 394056

90566716 9503 8874 3192 8830

8200429 81 69 3 30

57055065 38043850 19032638 38043850 57055064

55562301 4607 2346 309 4425

57013808 46842768 36671731 46842768 57013807

22810780 38 15 48 39

92905611 7862 9435 7674 8486

85964035 5 2 9 1

7985682 91636 230039 593595 94389

92964982 3 3 7 7

38129868 1 0 0 9

84015049 29 74 33 4

26709817 1 5 1 2

56126046 43025064 29924084 43025064 56126046

93689515 29984 939532 989022 69384

79523386 35 25 73 97

43310395 62 75 39 37

57768429 675213 280280 166767 79758

53653568 36 70 79 21

33381802 62 42 9 12

28853979 8105 2993 6455 8862

48245120 3 7 84 87

86581761 0 6 9 2

26556607 4 15 65 93

55736787 42226208 28715631 42226208 55736787

16238888 2 0 0 8

64312133 411554 758249 663556 625377

59588508 93 75 49 40

15686456 934858 947795 165167 35307

63211161 62 79 42 18

97762012 342735 885142 738764 590337

61750999 1 7 5 4

41806384 3615 512 8695 3524

48059961 5492 7274 3320 9945

91718313 52 2 67 32

42454731 6205 9497 436 2257

79132476 6479 7121 5073 8159

54113048 36605303 19097560 36605303 54113048

79604507 44 24 79 60

7398214 7437 2318 2238 3104

66195254 46492840 26790428 46492840 66195254

62326627 48361792 34396960 48361792 62326626

13958722 358 6183 5721 6833

66188126 46667900 27147676 46667900 66188126

30573449 7236 2474 9111 2651

69388649 4 6 9 9

55790555 5577 2831 9203 4252

61202071 5 4 5 8

55889373 36113448 16337525 36113448 55889373

55613503 44335993 33058486 44335993 55613502

17452111 568540 946620 475641 262849

4318411 6772 6178 3274 4544

64589925 48671094 32752266 48671094 64589924

49698666 31453655 13208647 31453655 49698665

32795252 1 8 6 8

82947609 8 0 2 1

26657282 91736 357369 260285 99729

33874467 1 8 9 1

61915810 2392 2776 4340 5473

68182231 48205279 28228330 48205279 68182230

47741178 97 87 26 31

46049921 33624066 21198213 33624066 46049921

95705609 2 8 6 7

71083183 8 6 8 0

24021658 78 71 66 85

81986034 8 4 6 9

10017383 80 64 74 68

42621197 167103 278288 453575 876166

47636790 3 6 3 7

95667020 7927 7348 6930 2405

33855942 5547 3660 2082 7530

51036547 38691230 26345915 38691230 51036547

68670113 98 74 14 34

89605333 5069 4432 1580 6364

15287816 65 80 47 29

50486736 38028333 25569933 38028333 50486735

27886216 8 0 2 3

51578594 71919 472776 998897 151085

60026310 40384071 20741835 40384071 60026309

57793403 7416 2498 3599 6826

47632476 74 66 46 51

48283313 69 74 16 22

59833858 45565317 31296778 45565317 59833858

62288969 47645537 33002108 47645537 62288968

43418223 2 4 9 4

21200606 3895 1971 1038 4022

58352484 42013483 25674484 42013483 58352484

60447663 41358245 22268829 41358245 60447663

99608733 4854 4126 8948 8622

54622805 37556802 20490802 37556802 54622804

46896730 2 3 5 2

29881962 8 35 68 59

44842384 374993 387983 871812 249356

41185169 6342 6182 1680 166

52500731 37226885 21953041 37226885 52500731

68518865 197022 934668 318403 27071

70761654 9032 7188 2019 6177

9646390 9 2 2 1

46429123 32924310 19419499 32924310 46429123

3669645 4 7 4 6

69104151 949 8814 7910 7240

80304371 5 6 5 5

12998647 289707 424953 894661 513591

44463328 4 74 28 64

99191417 9194 9618 1533 6071

54469414 95 8 91 47

70273559 861216 512855 236470 264808

6552995 64 43 92 67

16943067 45 98 90 59

92157613 6147 2079 8475 3665

7857024 0 6 3 6

64137447 46120419 28103394 46120419 64137446

60351826 47393041 34434259 47393041 60351825

8847801 972859 123837 390202 337344

36525922 27 37 89 51

22397075 8 6 9 7

73422248 44 79 2 65

65320703 42 62 15 0

91158819 9 5 9 3

47403369 13 7 48 26

91626189 9 9 0 1

39834184 829940 918067 630705 902727

18336580 7 0 9 4

25834361 5986 8346 1735 818

79118991 3 6 0 3

32082098 1596 3619 5159 50

87144250 671592 189563 242730 39874

47923896 37107987 26292080 37107987 47923896

63536723 49413016 35289311 49413016 63536723

68473374 303679 503567 360032 864688

49250627 33196944 17143263 33196944 49250627

87269678 13 80 25 55

56541052 42684620 28828191 42684620 56541051

83973837 977526 26948 173409 850891

67649006 98765 498214 430072 474701

53227110 35188342 17149577 35188342 53227109

25521573 123337 957188 70468 403195

63875135 44155775 24436418 44155775 63875134

54179420 7 9 5 9

45561444 33988817 22416193 33988817 45561443

23630088 221946 572020 26396 557114

25042510 30 61 15 6

3878725 45 65 44 88

2044030 6 2 4 7

59512031 1 1 3 2

8328248 57 36 51 71

37295013 4680 9099 1902 8069

9707612 9217 97 8556 9921

67528965 27 74 6 81

53015545 34671492 16327442 34671492 53015544

50305930 0 7 8 4

8381682 4 5 0 1

78254566 5350 5273 4685 8263

88849007 92 1 67 13

71640711 42 86 75 57

52456249 8642 3002 6537 1560

99733617 567198 475593 658415 522302

14735370 850957 566665 528020 623891

55016295 40184062 25351832 40184062 55016294

17350549 4 29 24 41

30581565 8 0 1 1

24755525 866318 694033 102110 210

11263614 77 1 43 72

81438404 9 5 3 2

28950533 0 7 7 7

65468525 47030193 28591863 47030193 65468525

79106959 709825 859268 6299 368885

1080931 4 9 1 0

81558196 2 1 6 9

29228096 6556 6540 7859 9623

30499141 9 0 3 1

4856306 560 437 7091 2225

59040980 48158220 37275462 48158220 59040980

31140788 53 87 37 88

44576025 32113162 19650302 32113162 44576024

96924548 1835 420 2679 4247

48174444 8179 721 4931 9510

3025370 2309 5342 9268 8237

71932573 3 7 2 0

61841798 53 55 57 36

52167158 98 46 53 56

76047509 74 34 9 23

72272988 1137 936 3103 771

90919502 868153 590714 417162 959050

99516798 343808 200567 61634 122783

91472376 5899 8220 6360 9685

91186679 8 2 0 1

36088515 54 14 63 48

53706181 7625 1026 3960 3920

4990297 28724 536282 642548 330527

63250474 2 3 8 0

16507650 514127 368708 239068 825027

72736165 4 6 5 5

2893082 57 18 34 36

69287555 147080 244889 923199 22468

19402009 2504 630 4889 9014

10228577 95 1 4 48

87212151 2 39 93 62

74925957 59 46 7 3

59520262 61 2 0 69

45716039 448809 447934 903662 513381

26540666 80322 870524 397119 230453

68249927 49562180 30874436 49562180 68249926

71169375 350432 269907 31237 876561

41538479 9798 9885 6843 5747

73603965 61 96 73 58

97414891 8199 4178 2974 8878

10164310 93 61 60 81

40970755 8 0 3 6

56273428 42646124 29018822 42646124 56273428

22387622 5634 3634 1388 740

77886690 15 23 33 25

90342180 1 5 7 2

93176480 1313 6586 1835 3579

62328640 42347066 22365495 42347066 62328639

56425191 8374 8811 6102 5602

60060624 648277 969039 190031 938492

77742388 9236 3014 9160 3285

9852941 67 15 88 78

1712623 4 4 52 41

96385566 5517 9368 765 2809

41475626 10 30 63 81

13837098 1 7 5 0

42644095 0 1 4 7

26532617 0 6 6 4

32370631 3861 6572 1707 3453

48081325 5 30 77 6

29967978 63 62 74 60

39435220 662675 416344 804469 275304

10263932 2003 1637 454 8345

93412710 5 7 4 0

22732615 4 5 5 6

53659922 40105880 26551840 40105880 53659922

78226192 89 24 34 74

72119075 7 0 1 0

45174905 32670660 20166417 32670660 45174905

96518721 91 16 80 85

15506539 75 59 18 48

52845683 39140700 25435720 39140700 52845682

46484755 32115498 17746243 32115498 46484755

22742876 399112 132322 493037 901182

91941305 7 6 5 4

15268064 9790 5162 9884 9727

57081833 46593277 36104724 46593277 57081832

81704834 539643 896009 480555 147244

60096679 0 6 8 1

58693991 992776 752350 346921 988593

41637770 844186 710629 548223 264537

49244342 5 5 0 4

30240853 148061 852842 270434 455809

37036480 970652 52894 336273 654457

39993241 3 6 6 9

38689043 260764 297803 694491 195946

59830521 44187791 28545063 44187791 59830521

51437941 35931353 20424768 35931353 51437940

25912358 12 20 86 75

47189652 0 8 8 1

96600328 506434 480187 561826 703524

52512634 39239750 25966869 39239750 52512633

58103536 41002127 23900720 41002127 58103536

81550839 338394 975268 689945 708706

64828194 49465810 34103428 49465810 64828194

58409831 45183026 31956224 45183026 58409830

14633927 694583 389496 501604 436863

44647944 31097609 17547276 31097609 44647944

89263169 940005 100097 611462 49906

69794292 20 61 98 3

63074521 87 21 51 60

48028034 37484660 26941289 37484660 48028033

54938254 40433996 25929740 40433996 54938254

98129592 576397 834801 31413 69519

51467626 36394171 21320719 36394171 51467625

5474843 75 43 33 57

83812195 4 3 6 4

14903414 60 69 79 73

89085605 280799 257257 228436 286429

55313813 42185288 29056765 42185288 55313813

70580632 15 17 32 66

78002550 1 4 8 4

48951169 36070678 23190190 36070678 48951168

57832028 1 2 8 8

33449436 444172 834515 270 67035

11115372 320 5383 9955 5769

12452176 1 6 9 9

58681273 42725909 26770547 42725909 58681273

67767813 23 61 50 40

57696009 46869547 36043088 46869547 57696008

68682169 2080 1995 515 1426

38226970 47 40 78 59

17688312 559722 378571 317690 883256

90128915 5 5 0 0

20556234 3 6 1 0

52015390 7 7 7 6

78240432 9 8 1 9

68073193 0 2 7 7

66190387 5865 2027 4329 701

75400529 0 3 6 9

53022857 36286352 19549850 36286352 53022856

47351741 31257338 15162938 31257338 47351740
