50

5 8
10 12 9 18 12

2 88
8 4

3 439
16 7 20

5 47
2 19 11 1 0

3 453
18 10 6

5 51
17 18 12 0 15

28 3
7 2 14 17 8 12 6 17 13 7 11 20 1 9 18 16 19 14 5 8 17 5 7 18 15 9 10 19

2 603
3 16

27 2
5 10 20 13 14 8 4 20 10 0 19 6 20 9 17 9 7 10 4 9 19 17 3 0 4 2 20

4 118
0 20 12 8

2 411
0 12

2 956
18 10

2 508
6 7

2 717
9 13

36 2
15 11 16 5 13 7 13 6 6 12 18 17 15 10 11 20 16 17 16 10 20 10 9 18 9 2 17 15 8 10 14 0 11 0 12 13

5 60
11 5 14 3 4

20 2
14 11 9 18 14 15 2 20 13 10 7 4 9 16 7 16 15 2 9 14

3 691
13 13 17

2 381
14 12

28 1
18 13 1 14 17 9 16 20 19 20 12 8 4 0 6 20 8 15 5 7 12 20 17 4 10 16 2 16

2 884
18 7

2 580
0 20

20 4
17 11 9 11 16 15 3 3 1 16 10 17 15 11 12 14 5 6 12 14

3 560
9 18 17

35 2
4 0 12 14 2 3 19 14 11 14 9 15 11 19 0 2 19 19 4 6 18 11 11 16 9 2 19 6 12 19 0 15 17 15 7

5 20
8 6 6 5 12

3 560
11 8 14

20 2
12 3 3 10 2 5 5 13 2 8 7 16 16 20 20 14 14 8 12 3

4 61
17 3 11 9

3 605
1 18 9

2 43
9 11

3 744
14 10 20

3 86
5 5 20

35 1
4 5 14 4 17 4 12 4 17 10 5 11 1 0 0 12 18 10 7 5 13 2 5 10 10 12 10 3 3 19 8 4 12 5 0

3 813
15 13 5

2 965
18 16

3 58
6 9 7

33 1
7 1 4 14 3 8 8 14 1 13 6 4 12 14 20 3 8 15 7 11 18 17 9 15 12 19 12 9 5 5 1 12 15

32 1
10 4 4 3 18 3 7 5 20 4 16 3 12 0 7 17 4 5 2 0 9 10 8 17 14 17 19 13 3 3 16 5

2 529
1 14

3 532
16 14 3

20 2
17 2 18 7 11 1 13 12 5 8 6 11 4 16 4 10 8 11 0 15

3 885
14 10 19

3 579
9 10 10

3 253
6 7 9

25 3
17 6 9 12 15 13 9 17 1 6 9 9 20 11 9 17 11 17 10 10 8 8 13 16 16

3 560
13 1 11

21 2
19 4 5 11 1 14 12 17 20 9 5 11 17 2 10 2 2 14 0 10 7

30 3
1 3 18 8 13 7 1 1 11 0 14 4 9 1 20 6 18 3 7 4 14 9 12 19 17 10 11 12 15 19

23 1
16 4 6 3 13 2 18 8 7 20 0 9 1 9 1 8 9 0 15 10 0 14 15
