50

39 173
19 10 5 7 2 5 2 16 16 15 17 8 11 16 16 19 10 6 0 9 7 19 20 9 3 17 10 7 8 2 19 2 11 15 4 11 10 6 18

19 682
12 5 16 16 18 9 1 5 17 13 13 17 16 20 10 13 17 18 6

50 554
5 8 16 16 15 20 0 17 0 12 2 13 19 14 18 20 9 6 6 10 6 5 14 2 19 18 11 17 0 7 18 1 20 8 10 15 1 6 19 19 13 2 8 20 1 5 14 10 13 7

37 256
3 2 14 2 14 11 9 7 4 18 0 3 3 17 15 2 19 15 4 4 5 4 9 19 13 11 20 20 17 4 3 18 19 3 13 6 19

13 903
1 2 0 18 10 18 11 4 4 13 12 15 1

28 554
8 12 14 6 11 0 20 2 6 14 3 7 2 15 11 2 20 15 8 2 9 15 9 2 0 13 20 2

10 109
1 12 11 18 9 2 8 0 18 17

15 561
10 1 12 2 13 17 14 19 19 7 0 15 1 13 10

22 362
20 13 0 4 6 13 4 2 14 13 17 6 19 8 18 17 15 1 6 8 17 8

30 756
10 19 19 17 20 17 3 8 8 1 19 17 9 13 12 4 3 16 9 5 8 11 6 15 7 2 7 14 2 10

11 211
6 19 17 18 3 7 12 18 0 20 6

37 707
16 9 17 3 2 1 10 6 17 11 10 14 6 16 1 12 16 14 5 17 15 20 13 13 11 18 16 1 2 10 20 3 1 11 3 4 9

41 174
13 12 4 6 5 10 0 0 8 2 2 7 6 3 19 4 16 2 11 19 12 16 8 14 13 20 12 8 18 12 17 14 8 11 15 10 0 15 0 19 11

22 619
12 15 14 13 0 18 14 13 13 15 9 9 12 7 11 19 20 5 5 5 7 11

39 891
9 16 12 2 4 6 4 8 4 10 10 15 14 18 15 14 19 0 9 5 6 8 19 10 19 15 14 0 2 18 2 18 19 5 11 15 13 12 14

19 146
2 18 8 13 20 15 12 11 2 3 7 9 6 19 15 14 4 11 18

22 679
0 10 11 15 10 6 0 7 1 1 13 12 11 15 16 16 6 0 9 1 19 2

39 337
9 20 4 12 1 0 0 20 6 17 13 0 9 17 4 9 6 4 10 10 19 12 17 8 2 17 14 13 0 10 9 15 0 15 18 2 15 16 2

43 62
6 9 4 18 1 8 1 18 15 20 1 15 15 15 7 3 8 3 12 15 19 4 3 12 15 1 18 7 16 0 6 19 8 11 20 20 19 18 0 12 7 10 8

41 57
20 4 12 11 6 20 17 10 4 8 10 11 2 7 7 0 18 0 2 3 1 12 11 10 15 7 9 11 2 6 6 7 4 8 10 7 13 17 14 20 7

14 551
12 12 20 8 13 2 2 16 13 20 13 7 8 8

34 291
12 5 20 13 9 0 1 16 5 9 5 9 19 11 10 17 19 9 2 20 19 15 13 2 19 6 6 6 8 18 1 13 15 12

12 42
6 0 0 16 8 4 15 17 12 19 5 15

38 383
6 17 19 4 13 10 7 8 2 1 15 16 17 14 19 0 1 4 17 8 5 16 8 19 14 1 18 18 9 18 16 7 9 11 1 8 20 1

30 73
9 19 13 5 5 4 5 9 10 16 8 1 12 16 18 16 12 19 16 17 11 1 5 19 16 0 10 1 19 9

34 36
15 18 17 18 17 12 6 11 10 1 13 16 4 9 6 4 15 17 7 5 19 6 5 16 9 7 7 11 18 17 10 8 18 10

10 442
16 19 11 8 6 17 5 12 10 17

16 506
17 10 12 11 1 14 2 14 7 3 13 15 20 2 13 14

40 919
12 11 7 10 10 12 13 16 18 20 10 5 15 18 14 0 4 12 10 11 15 2 18 2 0 8 4 17 14 10 7 10 20 11 17 5 6 10 14 17

12 874
8 12 9 11 3 15 8 1 15 10 9 1

27 760
7 7 8 6 6 10 20 14 1 13 2 1 4 6 4 19 13 0 17 9 0 10 13 9 4 20 15

36 242
18 9 0 6 16 3 18 16 11 14 2 1 12 20 10 0 18 12 7 1 8 3 7 12 14 14 6 7 11 12 4 1 11 20 14 10

30 980
20 10 3 13 8 9 8 16 19 17 4 0 16 0 14 17 0 0 12 16 4 3 20 10 10 15 17 19 1 6

47 543
1 20 11 9 10 2 20 4 6 12 8 9 11 4 11 16 2 12 9 6 14 20 18 9 5 6 4 11 11 19 0 18 1 9 8 15 7 7 0 3 9 14 3 12 13 8 15

47 469
11 4 7 12 17 15 19 17 0 19 4 6 1 18 13 1 8 5 10 15 8 4 2 20 19 7 20 10 7 18 19 14 16 6 8 9 13 5 1 10 17 18 10 13 11 12 5

33 221
19 0 12 2 7 3 14 16 5 1 3 16 4 19 13 3 10 11 13 9 19 19 5 9 18 3 18 3 20 11 1 12 1

33 60
12 17 14 14 11 14 6 8 9 0 18 0 19 15 3 14 4 14 6 0 0 10 9 14 14 7 6 8 18 16 16 2 13

21 425
11 1 18 0 19 4 0 3 1 2 15 11 3 14 14 15 18 13 11 4 19

14 576
17 6 7 7 10 19 1 1 14 17 5 0 17 17

14 852
18 18 7 5 14 1 15 5 7 20 2 3 5 12

25 373
7 2 1 16 19 5 13 8 15 20 16 5 19 19 19 0 17 18 0 2 4 7 3 17 16

25 427
12 18 4 16 0 9 13 11 11 0 1 3 6 1 11 4 15 9 11 16 12 12 3 17 14

25 332
20 17 12 13 11 15 1 15 20 5 18 17 9 17 10 20 15 4 9 15 4 3 7 7 5

49 912
2 4 17 3 11 19 10 7 2 7 1 1 16 4 4 9 2 19 10 20 11 18 19 6 16 4 6 13 15 7 4 12 2 17 20 9 13 5 13 15 16 13 17 6 15 6 18 2 19

10 652
7 15 3 16 13 17 15 9 6 1

35 936
19 6 7 4 8 12 12 10 4 6 7 20 3 4 3 10 9 9 17 8 7 14 16 20 0 20 11 6 2 20 7 15 10 5 7

10 20
5 18 17 9 16 17 10 11 20 12

13 55
19 6 17 1 14 18 1 7 10 7 11 18 7

42 198
2 11 11 18 17 18 17 16 13 4 7 1 15 14 8 8 4 3 8 4 18 8 15 3 0 11 15 10 8 7 6 4 3 16 0 16 11 19 5 15 14 14

19 331
4 15 16 10 9 12 15 2 4 7 10 0 9 4 8 19 1 11 7
