200

5 4 7 4

20 11 1 9

31 494 93 203

14 7 25 14

14 24 7 9

17 631 30 184

222 363 699 1063

728 442 88 740

685 52 220 645

852 874 348 1201

592 420 164 477

588 5 83 26

10 5 22 10

7 9 4 6

27 941 91 402

22 758 39 86

2 6 2 4

214 719 876 959

560 687 281 122

9 28 27 27

945 93 48 345

5 1 2 5

25 521 216 377

933 240 792 537

22 9 14 12

16 6 908 261

24 31 844 332

503 700 583 1479

567 78 78 141

363 25 391 203

225 39 37 190

14 5 14 14

27 21 7 21

31 2 7 3

89 642 67 171

27 15 8 14

4 6 3 2

1 27 20 17

4 24 22 17

514 363 70 724

9 4 5 4

29 856 44 39

92 60 307 367

25 30 31 25

5 9 6 3

330 91 48 79

1 9 6 11

689 658 178 235

497 453 814 1614

7 5 1 8

4 7 28 5

269 522 931 247

7 3 9 9

2 12 25 10

23 19 12 18

6 6 3 6

85 742 73 286

2 4 7 5

27 97 722 499

52 76 923 437

906 60 83 40

775 36 30 535

681 30 30 443

4 3 2 3

8 25 18 16

253 590 52 876

1 2 6 6

829 95 41 25

1 5 5 6

204 105 489 507

520 593 716 406

377 2 89 163

2 11 9 8

30 26 7 24

2 4 5 3

327 598 583 1054

1 7 5 10

18 305 48 46

302 857 882 869

29 1 28 23

148 355 939 82

6 5 3 3

6 1 9 13

3 5 7 5

95 482 48 57

31 7 14 13

832 217 630 1386

21 6 7 4

6 11 30 10

697 39 315 936

46 68 16 25

36 30 504 44

952 81 237 258

650 403 194 518

265 269 267 38

1 1 8 6

25 25 13 22

14 25 29 21

15 147 201 83

626 64 216 399

724 111 671 95

24 7 20 17

1 6 7 10

146 69 424 444

47 51 471 224

8 6 19 8

987 815 227 683

1 3 5 6

29 1 5 5

356 674 249 742

79 941 67 679

510 17 32 87

592 766 454 458

646 975 750 1875

844 9 557 738

127 671 885 318

5 8 5 1

14 1 26 11

16 17 25 12

627 522 372 92

805 240 78 39

19 31 21 19

381 964 885 1471

88 77 991 332

393 90 961 1085

14 20 26 17

4 3 7 5

652 672 991 2121

7 8 9 1

168 81 198 316

4 1 3 5

952 426 129 1414

563 15 85 228

7 2 3 4

1 3 2 2

3 1 15 0

569 786 149 844

689 762 123 1324

2 3 8 5

17 71 848 312

9 4 1 10

249 351 94 80

409 89 7 106

979 36 42 23

294 478 279 681

811 725 364 1151

519 668 62 1097

448 7 50 164

576 93 5 90

87 24 858 420

87 312 48 13

9 24 5 5

877 854 161 1750

32 609 50 20

463 186 931 481

6 2 4 6

19 759 63 36

756 71 90 486

6 26 12 10

28 562 96 147

7 23 24 19

9 911 41 54

7 749 80 103

17 31 30 25

14 24 17 12

2 23 24 23

559 104 865 1515

240 143 199 473

315 164 831 516

31 25 23 22

174 337 117 297

638 629 529 480

26 2 22 22

17 3 17 14

4 8 8 7

881 458 683 1193

623 296 460 155

15 10 25 12

100 833 13 339

49 33 821 545

3 67 821 474

359 361 194 726

165 835 838 813

26 25 9 23

134 15 512 131

9 5 5 3

38 12 960 186

7 2 11 5

419 837 30 617

129 303 914 474

7 6 4 5

5 4 1 5

656 857 157 352

100 534 10 287

13 9 21 11

60 661 69 221

800 52 63 85

2 3 9 7

427 6 59 123

59 882 92 407
